26,1
26,3
3,2
3,1
3,3
10,258
10,234
10,290
10,112
10,32
10,278
10,194
10,1
10,96
10,2
10,3
11,10
11,26
11,12
11,4
11,22
11,1
11,16
11,2
11,3
9,7
9,4
9,1
9,6
9,2
9,3
8,6
8,15
8,8
8,9
8,16
8,1
8,13
8,2
8,3
12,2
12,1
12,3
20,2
20,1
20,3
19,2
19,1
19,3
18,1
18,3
14,1
14,3
13,1
13,3
2,2
2,1
2,3
49,4
49,3
49,2
49,1
49,0
48,3
48,2
48,1
48,0
47,3
47,2
47,1
47,0
46,5
46,4
46,3
46,2
46,1
46,0
45,4
45,3
45,2
45,1
45,0
43,5
43,4
43,3
43,2
43,1
43,0
40,5
40,4
40,3
40,2
40,1
40,0
38,5
38,4
38,3
38,2
38,1
38,0
